900045000000610000000000000003000400842090001060000800500030908009080240000400160
500800000000097040009310000008501200001089000050030700800253009204900000000000000
100006002060008503009000800000010049290800005400050100000200000000005400530000000
000900780803000000004200000120600000300002810007000040000106094001070008900000100
000105009120007004090046100069000000300000000000500690040000020210730000705060000
000000000090200040100059070000090810706500020000002400004020090200075006800001000
007001000160092000040008610000060190090000078075000000400800020000040700008050000
100000500000000409094008070000001900000075613900300040560104007008000000047000000
030508000002000007005900800000600030000090500004300680509740006040000900703000000
001000053937000210000000007000120005005003091800000000003000800240070000050900002
059070026000000950010002700200008000006300000100900030000700000902063008500000001
658000021002508000009100000090000046000047010061090200700800000000900062000000000
760290000050040807000000000000430000000700003004006050039080004600000000075000620
003000000120080000000030190000004039000000040600900002009318024060040058400000000
000102700010043096052060000000005107200000040070006003460000000020007400000000650
200700050310645008070000003000560040000302000060000100000078064030000000000200700
000407806004100007073500001010000400000000008000006052000705084000008060037000000
006000030000000007900320450040705020000039800000000006000050304200080009007000280
000509000900821004000040000450700090000086000020905000108000470002000860007000009
090000705010000000000030000600520903200970010340010000100000300920040050005600402
930702040008039000000400000070041000800000000200005090100020403400100250005090070
000526000080009063000000500000050006020004390003000705009340000000702839000008000
800090000050000043000704050030510090007000002000340700000278400000100070000000009
086000200002006853001003400074000020210000000000040500050000000800300060003008005
000000000000175028000900050000010000091830075026000300062700000080093000050068000
300800020910760080000390016420079000060000000009004063600900000001000000070000001
070600000106000030309050000600030000025007300000025708800000000002000097013000200
085400300016007805000000070050030000030580004000001000020063908000200000100000506
300920000020010039610007000150000003002030076000290510500600000000470005000000700
008070020050310080600900030570000100060500098000000000000000000100003900000028003
900800400040710059002000000000000704300970010000408020800000000000500143009000005
009000040640098007200340000800030006005000000090000250002000908000000030380000060
720100000091620000003089007000003008000000100000500306030010060060070835002000700
083000000205000400000608005500403900000095010408210000040000300000100000102950000
090300800001008000030002070070060000982000007000000500017020009006905130000000082
000060090796000400002007530900000705005401002601000900000040020000000003309070600
000080000000600000000040010540010390290500060106900400000450000300001900001290045
004000600107000000000500009800206075001900004059048000000000200610005000002004000
100007000900230070000080500200000000004050000031000000710320050045710023000800400
000800012010670840000003009080300700400000030090060201600090000104000000800000027
500690403000000000703020500130050002004000600000100040060035000950200000001070000
010450720240009003700000000000000000097080000480013000000008090001500080900040210
002000005600000809090014000008009050060040002910056008000000000020000470080070006
000495001000000700000013009000930002001064000009002000050020370700000090490000205
000000000000400906090007500170300060000500013040980050000049000003005000000100097
507000002080009000002760080001000609000600000000003000008020900006308015900000023
000009610090000082002040003080000005004600800030200000000008006600900350305000400
016000000900420000700010502000000089020800061000000405102040007080000000060079000
000000500000060400069000080001500000030086050008700390000301000704850000980000000
500030200000800000020000069700203005000070000000500081039705800080060090010000003
001070000900000200000000890100300006060807002030006780400000010020000600800040000
004000000080012070930080000000030000300000129000040508000308900500000000000054081
500091080009040000030720100080000900000000700000008005003009400074030002090100500
901060000300008000024000506000201000008000030540000001000950400800010360090000000
305000000004000106607500020000001000000000832403005010008030000001200073000000260
010078004008904060000001003000000080400087006000400509040000900800000307970003040
004800200709000305000300000000205000800900604600000000000520060400790500380006000
800100000000420070020000300000040000602009007030610009000060400900300008100002090
096000400200010000105900008009206000400007000800049601702400900000002000054800000
700040098050600020009002050207080004000000000308500007470000009003070000605000000
000000438030090007000000000800000050400309106009000000300805000004007065060030900
605030000000604030401000002000800106000000007008020000002500803500003060006080250
100600507008000010207100008000002056000308000000007000002009000900821700830000900
000000109000000070007004650160047500045000081900000000059060003004000000000501060
024000760300000000098040200670098030000005620003700009030000901000000000865009000
006703090007005060905002000000900000000004907000010045000300001710000000409050003
040070000008000500700026000407900008902014705080600000000000002209701400005000000
075092106010500002009001570000000000150000000894005200008007009740000000000846007
003002000410807500000064000040000020807600050000000000001000076600230000002050040
700103000000000000000060000080600009007000400030590080060010007350004096801050003
406000000050100000000480061093500040005008300700000800084090000070801004000006030
700020001000800400000046030600000019000000300004901780090002004000100263000008000
050100000000000040000400007003008009500003180900570002030005700091700000800040090
000000070009030610000007832004800000300900001001374980003000000900000020106420000
009700000124000006000050000070000000800500000000000049406000000092010057500600021
500000700040000002000000045026900010905806007000100080000500000000700264001002800
600000910300000007897000060030001400910000000000006000009104300020780006080300040
000600200000002010590030600900000050003060000600500407010000304000003000060057002
900001000060075200000630040010020000004300000020007300051002630690100070000000900
007406030601390000900200400029000070184007609000000000372000040000000000400000096
002300010080010060000006700610025090705000000000000000200003075000860200000070001
200001605056000020000000003002000000900800000100050030801609200500400006000500801
105000090000009014480500620000008000007000050040020060000000000200901040800465000
300020008060080070094300020000900160000043000230000000006000900000000084000407001
020000080100800053000100000008020000092004005416000900000006002000041600000200038
207490000000108000000070000108040350000300910002000000000059130000802090300000700
020435000070010000500000000230800006040103000000000400007080620005600704010004500
006020000380600000002004000200007605605043900970000080000096004590000008007000000
000801000004090500800560002001600000500000000700000021070106950600908000205700000
100070000600010803080002004000300046067900200000000900040000020903840000706000000
078021000000000000600007800000000520030080600500603001053002700084000000002710000
000000070000508000070600003520300006003040005064005080040200000008030469000000500
004009000000000000900040700005020970060078004000001200051600800407000500890007400
000046053000900000190000026006020080500800109009000000000000001002004300000605040
000023000400608050023000080604000000059400010000000860905000000000061000360902000
006503070180200009703060200007010005000700000000039000201300000000000306000050920
000000090000008000090002800025010000009020070007060083600375020010980700000000000
031097060604005000000013000000000620000020005005000071200000950500000014407000003
006700090700104006018200700971000000000000000804000200000056000150000800400001009
531000800009000000000000003400091000000000028960500000006003500100280006340000201
009003100031057000650000900000000605090000000000048000003000009080100060015809340
800000900700000000001000000003070120200096005008050070090800200000700803600010500
107508000009073000000000000008705190000460300305080406400059010006000030010000000
050000003490070020000002000000003000001700300030025800003000070000809500240000090
090000800080001702000070401800605004000004060002000000000040100060002070005100000
370040900002000000600900007060380000050700000000490060000000008908502300035000000
000030900060700008008002000000004030000865004200003600300200000004007000006080079
600002000052410006100350200400000000981000002005063080000005000000000049000900105
010906500030280060600500081000800000000003900000000375860000000003050020701002003
000000000072000090164000000356000020400060000000009010005971340709304062000006001
001004000000006007038200001000000002120005804006000010714308025052001008000500000
000000047500084100008000000010400020007009000209106704000090008700000260060020950
950000002006100450400007003003010000204970000000000190060050000007000360000000029
004300000060709208020400030003002004071000620000000009809200000030900001000000070
500000000920008501001060040000050208000800100000006000090700000010090704806105000
500100093000600001903002004170203649300400010006000000000001020000900000700040900
000050100006900004020060030150240000300009600000080400200800010000500000008092003
704000000000000800010000069000100003306407900180000600800040000000000734009703200
200000400060000800054000700840000610500040000097000000180720006000804070009100502
050006010000720009020900540670000080000060000009508700000804006004000000085000000
000050080054063000020900000003090000000200019000008040000030451000820090000604008
800005000600000000030090400006004000194060300020089000260008040000030250000021086
000000000800000350005030004000080007040000008006007230020008906097020000000350040
603020500900000600080009000009060004000700306406200005000300800800000000000500790
200060005000000002340000060000010000060070090000600503479000030620003100503090600
003005100050800007010072900396007001000300200000000090700600002000000000139000080
000037000080150900005020008500000080000090700001004002000000310000000027300078050
009003761000000400000680000001240006000800000800001003000300000602000098010020370
000000000000419008900760420000900000080200060400000100820150900005004000067008004
003080000400107000050000000860030017370001900000000000090070000008960304500400709
000608900090504860680000504000000400002000007140900050000000201000000000500806040
500860031800100090000905000008030000600010000100500006900050043051000060320609000
000000509600050003010002000001720000000043090790160000905000460000000900040001020
003000400150009000000000060300091000000000023007250100026000010001000009070600005
700000204040060075000087030402000350000000007030002008300000940080000000564003000
040100000200000900657000000000000060900000320004010000006000400002793006010042009
000487000800500000004009300000000038027010004000704201000950100003002000050801400
000001507010000000006005300000600750500020036009000002050047000403900600002030001
000020540000400900000006007019000008840010020500008100006000704250600000400000090
005406000020070050000000000802000740000010805000003000600000000004708001058061002
020006098100020530000019760300000000005008070079000000010000000007060000053072000
000800000103070004064350000090008000000560000000409035000000000930645800856700000
000164250000000000900700104000052000260000700104630000700000040091000007000000610
020000090003000400805000000000030001000029007200040080300750020450000000000100070
000080050000600040005010003651270008800000000003850000000000030720000804000420007
014000008906040000080050000060082090005009080000500063450000000000923000692000000
000007800006001730000800045004000300083000006020000000250603001000500000301472000
002050000160002000047060012030900000000020961006741000070000500000007020000000003
000500200000000830100823000072080005490000000803904701310009070000005000000000100
000190746180004000000000000000006074001437005050000000800700400006900010000003008
000439502000002004000000810010040089280000405600900000060000000800300900003056000
030200740002749030000000200000385000009000050400001000000900010000003000001020079
002000000070010000000000006005170008209600070000003520907005030016080052003000060
090047080070100009001000040000200000050000900000800500000300820029501007304080000
058001003100230500000005000000050030800004000040000710084190000709302400001000007
000000078000802490608000200200000004000600985067000000104708000079000000820000010
000000005209000080050000291020089460400000510090046000004000000160008040000000072
061000000509000000080905000310040000006009001000030064630280050005000000200100043
000001006003000000800007000680074030100030090007010480400098310002000900030000000
000000000530002970700000030100000094800095000000000708403200010001308050250004007
250000700006000309790000005902680507008005040007942000000207006000090004000000000
407000052002000030050600900009008005500203070040000006000000760900000000063007804
070300010900000020832060000080079000049806000000040700000007000400030960603090000
001050090080074061000009000040800005596000400700001000600000800000003047010000030
000000020000040059000810000600000830000000042004030005149605000060081000052000006
060200490000901300350040000000000056030000820000000900610009540540000060200000030
000000000050380400000004006001070060200040180080530072006800050720000008000000007
000003847047200050000009300000000000010000008090007004050008400201040900800500001
160820000005000609203000000400083900300050010029100000002000050080600001000000008
030000050800003709020000010000100000000326075060000008301700020050000000670950080
003004150007500006020706030070105600000340020000002701008000000610000004000000500
070580000008103040063040008005000620000000000020050730040000800030000000206730500
000000003140007560060510480500000892000400070000030100907000000000109000000800005
000040010000390027000070403000108000870030090000000500200903000017420080004000300
060080730904060010000000000000300100000000960070040003090005300700000608800710004
504180200100230600000560004005000420080000000300000000607000000000000130038000070
090030005400510908000008607043007000078090100100000000000000001060050000704009060
004002007080009450000100000012085004000003000009007008000000000208000305370000001
000003102000020000030800000600000008000001003050690040005084000000000065280030900
760315000008000070920860000000070050600000201080000000000000308100020090000009065
870002000006040050024600003053000004060000000000900080000400309042030008000078020
000000010000501003000000009706048050008009000000300700940003060600900805001064000
030060090000020003400700000900040060000070000300001008200010036870009240010004070
400580600003107800000043000605000000008021500720030004507004000000008070000000300
008600400000290500420000000002000005900000080086300020040002750000080000003507006
000600280009102000620090043031009700490006800000000004040000000960000400178000026
074000000000000800800200510002000704000060030000870020030087105007000000000100002
034000050000094000000000002000000000042089007100700203000501000500827000270000000
000000060904305000085040000003760000000800540000004006007020350400080002000000007
009850000000000096000907510830500000950300070001000000000700008015080039008009200
580001003007020080010000000000007500000200008005394720000003000000475200000080005
020040070300002000700853000080930500500000307200001000002005401000207000000490000
000000400074200000003000082800050020000004800092007005030905040708430000000000068
003100090900000623000000700070009060000060400006745030100600379030907050000400000
200095060700230000950007000000306000806900023000020001000580000000003007030102006
436008000007100320009000070000002000000609700000300010010083000804960002900007100
060000003090020500040907102920600000004000007070400900016700000000010004000002005
000053020002079001010060700001000008060500019000600200000001090000900806903800000
004506070100700400030004560605073000400000000070000000380000004907060050000010000
000003010400050702020680000204006030008001045000700000030000000005060300786000000
400026053003000720000803000000310000050000007000064000704002010065100200000080075
600040100007050080080000007100000804026000000008704000000000300004003060052000701
000090105008000000001405060090520006100034000004000000000603500059001800082000000
000500000200000005000000374600200107000003400004070080070004000023058006060300050
000109000008030060090000180000300710000201008001408923800060290039002000700000000
600080000300270000009060028908020000000000600760004305000009400030000000000000060
040068090300050806000010540030040000504076010000300700400000000007000000006000980
080010006300400001007900080000048700050007003006000004003004000000000900400609000
000600000000002100106000200090003700702050406005000013209107600040030000000090000
040000000200050608000230010100600080089005000000300000025009000000108009600000004
009050000001094065502061704000000059000000270205009406006000917908005002000000000
080009000407080090060000020004000035008300609005690042273000400000000000000040000
090003708000000030200084005078000000000000380100000200007105000030900070020008401
000039000003680000600000000500000400239000005700006003470053090000000800908040600
800000004000040003600300000020009030008010026004020900000058600000000049500900010
840000000000000020009070006000800017000020060000943200067090800090084030400306070
030000000100000000000000910050010600900680002008930500003000070706390100019070200
000000600008000500302000008860003207500002100007060080005008000701000090000910050
600503000005810003030006700080000510010000007407000000390000000008100340000070096
000000900000006008080000705709800500310405000068000000000501830030070100000040000
200405603060018507800000400000300000030072100000154000700003000000000060045720300
020700600000095010709000008060000300082060079000100006017600020008002000006000900
003000070070300906150670300000003000068010700047009005000006504000500091000000000
310080000000016000000000000007041085900000300058003100100005009080670504006030700
050040000000009000290000087870010405000005009000400070760000000081600052029000100
021005830006200005005003700100000000000400600000600058070500000500300010402800000
060020010490050700000100360600002003000500049000040020740090006000600230000000000
001000000600054000008600030000005041207060080000200000003041000864307000000800000
030800000000007400009000700007004300800590007000000000000008020980050040340002100
000000600008150000300804000107008004000049001460700053050000000003081040600970000
700000530020008070600050002000867200000000010000500600000000108000000020804601003
000072400008000070500000002100960000004087609000051000080090005010700060000600200
000000000008756010100900040000000000406500000973400006000380009060001003005090000
070300000000060800000008123002009005067500010500000307000107600000020030105000002
084000010600013090003000700800000030000001000006049080400100007070400356060070008
030806000821500003004010000080730000006200400000004000060080000350002061002100008
502010900003605002000000000000036000000800061009000830600301000980002400031508000
980000001004201000030000000000046070320108000600000000700010900008709020010060040
780650900050001008900000007001060090039004000000070600067540000800000050140000070
000000300000000021506003400002000607600500140041020050804060000000200008000800700
008000200100000900000943000830005060050308000001064000500000001004200030000500080
040200000300000090705400003012003000006040500070000340000007020050000671000002900
056700401809000000003680000000000090000005006007060000900800074008000600040050300
400003006000007051500002308000000023020060000050000080003500400007401000800736000
800041307700600001005000680000060014000150000080007000000400500906315000040900000
300060100027000053000000007000010008000500002008407000100630070000000600000085001
000000004005107600000290017001068700070001090009000000680000540057600000000000000
001080050800051003400060070000040007000000000005003062204070086010008020030000100
004691008000700100030000400019000000700002030800047000392100000400200097000080000
061004900078006000400020000000069008080200000000307010020070034000090260000400100
007540600300800000680713200000000004070000350000000172204000010000074806030000000
000050010000870000000100690080000000005009002060020000308005700006200008250000039
374000010000000008100005200500708001800200004020036700000504002200000000040600300
023007050850000307010080040000020100004000000100450000500100003300005802000006070
030780210047300050200005008000050981004000070000000023301000007400030000009000000
070000900048030007003600040000000000000063000006200078004790032000001060302086090
090000500001000006000180249080000000500263000000410300650000003109000004004500000
590300020780005060062007005006050000070040080000000000000600002000003798030029600
000000005000390671900000000000000002805060000000007090003000800507208000009701053
003700200570000000006000010060501030000200078000680000000000000105008300000003740
190000500000070100870000002050400700200000001700000003020730040000104080900050000
000001009002000050000000060010600307036007098078200000107503000000702000089010000
703054900000008000100000003030000807009080040000641090000000000005000708040965000
540071300260040708800000040070400001000000650100002000000000070000150024000026000
080100060000503000001090500000645003090001004000000020000039400908000002006000080
000869005040500000000000016300951000001030000000208300004000900610000508530004000
600000000010704060000508040002000170700630850405000006000270000070006000530400000
000009000900000180000140020040090070700058000068002500020000007000700240570200901
000010850907000000000000079000005000000276010003000068000098001086000000201500003
643050000207000060800040000700301006510084200008006000000003020000200080000010003
050010000100008200007004000000049060005000071008050040040900000000000100801070054
000000000000000100006800050207060301360000920008090005009005000070002008832900010
000510009010304000005720030160003400090000603400002070000000007700200041000000060
000000007000008500006700040940020806800000090005400002080105000060002905409000000
000010300000068000706405080035000010000000700104000906301000640000300005050080009
000000047070003200408000501080200405000000070050001090200500000047000008035907000
700000000804002006021900000003189007408000000000370002030007009100000204006000070
407006000000000709005309060000000090000000106000100085030060010051000000640010807
000700150050010000000004000520000008018002070700080530000000007370000080004903000
051600080407100300080300040000000000804000000065000410000009605000073000000406098
300097006000003457000000000000080574009604000800070000000008000070006103000540069
700000304001005000020040500000000005304027106170000000010270930009500000230090000
203800004010003900000010030005300180008005700400000009500070000000040000000001050
000600030010000000600003000905406000300500700400010002009000510700000903050000267
001007693000000000080390400000800905750000000900000030000730500009500070000000861
004000620009060005000000000470500000001206070000079008200100507900007000100000069
000008000340000000900000680000006023400900000020413000680004300000309001730000009
000906000000800200020073004700095800008200403040000070070040000000500000006038050
967300000000070000000601000500710600700500000301000005005160704000000080040090010
000008960700001008060403700170000000000000000003010240090000023640037100000090600
007304002002080370310500090200800000894000000030050000000900050020001439000000000
140007803920000000006000201009004070000060000060932000310480006000070000000201000
000000003000150000900837000759000020000600000003095000800000570020076080001009000
009002003006009450030600200050908600800300002000207890025000080600000000004000005
900000630510023870000001005070052013002000060030000200000600100000007000000000052
000090040000006000002048000000600900948007025000020001074000098100000000650070100
020000000008004600700000129000000090380000400001230006000000800003000014402006007
040600050005000060600008020000000070820095006300087905578000000000000280930000000
900840007000030080310070006000000300080000500003900740009018000100067000060000003
020530009100002060500000002000050000003001700000060003001070906002300008060000075
000304090008000476000060500004006000690070000800005000900080004540209080000050002
002508000730000000800090024085000437000300080000000005000001270400000019093000500
500080100000000280040026900000000000020050000160200004600007009050090000980000705
010200005005000031000003407080000000000700090400900802100000020000001378230890000
000130700001706000600004050905008100000040800080005640000900400400000000107000000
000000200950000000000000076000000092020700030610000500000604300002017004705300000
000000067501090080700030100000050000009000000000100950008007010106009705000004003
084000000070004060320500400090080500000002790000000000000420000003097002800050600
000102600001060830600004070100000008580700306200300700300028100000007000000000284
005810306700090010039000000000003700000600000000080200006572003200960008900000000
000030005040000000001000308710400000009070000803000600074000000000700100906081003
000020004009000270036004000903000000174300020020057000010003900300540060000000001
000730504407000000060094000030000006000900805000000090020060000053008000690050072
000000065000800000000002300001000029000004650030205810650000000083049000904560000
000009400004021008920000560000600000001007000060040800006490050050070000010002900
000002000200190040905000030600000000409005803508400091000620000100540002000008000
000207000000000000076400000400500009009000802060008030004800900002005070300040060
000040000053098420008520090071000000000705030200980070000813000002000100000200050
600000005000106309093080000000000800001000003560800100409070000000000907000405006
000017004000080091000000000004001000070300008300000610000800040706500309090030007
410000300090000700602000040000400060007900001246000000005002000000007930004130005
000890010000230000090000307010050280760000005820006000000300000000000190600008000
003080105002003600000500080010906000000030009300000000800400000061005000005092006
480500009500003000060080070700038006005010403690000000000060007000000008000004500
000020000000008102260409000000795008000080500000600200008007601040000000620050700
390041006807000002040008000000069020000400608400100000006903001000200090020000000
000039000000182000012400030069021000000070000000600002081000070900016004740900000
000620000010070500640005001000010200409700800170980000000000060795000008000000000
300201000007930000000060300400000610506070932001600057095340000010000000600002000
009008604001006002000020300420703018000040000016000003000030000064000020100490000
060890000100700008000030009705000000610000400093507800900003000000068075050400100
007001060230450080000030000025100047000000006100200008750020000010000700000003000
000036900008900600600004507407000008030000000009020000500480300080000029006000000
056090700900003000001005020000067000008900000000800160005300000302000018000082900
010009208700010040840200003090500080130708000000900735000000090000000500000400010
030640015000000200050020090000010480301062000006805020000900040000053900800000000
078019000000200700103000000007000508000000620900000000600187300005000900300060210
040000060007036001000000200852004000403520000060010000600300085030061000020050600
010040000020800000000005060000027040000006571060500800082010650590400008000000200
000059002052000097910200030021008000008090000570030008000301000000000000834500000
050600280030000000000007003084056030200070001000004005060000010000030060040005702
150300000070501230000000000300075100040000000600019050032000006760040000900050000
546000000002000180080004300000100005004080092008050000309000000000006001000025000
000000317502001060000300500010020900007400000900065004600000003000004120004200005
050000008700080000000307000006050000002903001380010200090001705000030000001005602
030080500009200810805006090000009000000064000000850000090400026048012950600000400
000007905200050600000800000600000700090000080105008030060901800900000003070305102
000057000000100600389000000000000007100035000075400000600009130007000000901003400
037041200050908000002000840900010750000000000080250000000030009003780000070000020
000605003470030009008040000100900000080001000009007600050000087000408030000000905
700003890005042630300900000009800320000000050206000000000090000480320970000007000
040390050000150060008602309003000002010000006090005800009516000006000000380000000
024800006300000004050600307003050980000008050005279040000400070006090000002000000
400000900000800000000020301300000800700001090860400020607000000008094000020008010
020045010600000040004013900700000000030000007005100000000390001500000076010207300
040002000080103700000000090030490180006008079010000000000000000021000008003000062
320000087000000000400000003000800090009040000000360800600530008870002050050400260
900030020060000004700008090070020050306000000500004000005390000008600002000205000
300070004001296370000000096200000800003100000060004009070000020000080000420900000
060014230000060100300000500000206000026490700010370000900000072030000001070000000
145060080069081070078004000007006810000000000000950700000005000020600409000090020
000600057600043000000000000085000000403700000160408000000030065010260304000501008
000134020000000000301026804008600001020070060000500280005000600000801400000007502
000200100900010060015800209000000092000089630080007500061000000700900000000006000
000060000009300160100000007300800050200507006001000900000000672000000080008002003
040390120300000080002008900035027008000080000209001004500000000000150000423000001
003029000005640002904700603000000000002070800500080400049000786000000009600800250
050070000700002000000084010005908000020406000090000400070000004200000608840601009
006080000090700003300052000047000030000904820000830600903600000000200900082000000
000000005400000120000000308030000000064000090080006000008103600100890000090045010
000605000050000900009000020060000010002148065004050030008930000120004000000020000
900006037352000000008009005000900000807005001010000000100000056200701900003600070
009060008260008504085001700000000000000002005090006071000200800400600007010087050
090003600000070012000006059120035000063002000400700000002000075700040000005000000
700100950100074020000300008000008040000000000000093000803007000470851000050000009
007200040620030090903000700400008010000026003000490000000700830000064000000010209
000100000901020008063007009000000700000000082806000000087040090400009060009380100
700598003000400000000071000060000008000760940904000560600907000000804001103000000
005000000000375000003400002000080370032700046060000209004500000006030905000296000
000062407300009020002007801000080000003010200800720040600300000010000009008600700
801240000200300000000006000000700004000002013000081060010003047304010890920000000
200003040030100700400680050001700000005040010000200800100002006000000030060000587
000706190003894057000000000000000070600008503900573010008000009000680700000301000
010230000200800000000004605007053000000000080043020007080407000006300000400060100
000310070800070000030290180260007004000602030070009000718400006004000000320000000
000300900400000017017000563060000030000000409080079050070090004000080000036000190
054000007000605000007000000000900040020500739000006200700000005308002900600384000
900600000002087105507002008039000000000000020080006700000203607000000901000190082
070000000980000603005000280003950004050004300706000020600800000000090000090002076
000000030000001860090206500000003120000000000100080054208005093605002010910000080
000060098300008400000007506806001004100005007040800005000000000000054009010790000
030000000095006008600100000040700001910000030006004700008300010009061400000500070
300000507000000040002900080080700295000000600079200000003020000065000304000080000
010000000405002006762000900000870000009006052006000800900000004054700008080000670
540000000006007000072000003000060302000002400800940650004503000007029000230006000
400200807000087010003000200100090030000000000900400000040700900001006300700920008
023040060000009708000200009000600000035980000080024600090050000056800000800000040
100006402400100070003000006000012000000690003690035700030400010900003000700050600
000637000000004000956000000000000205192000000000306004000013000701500003500090400
040680000180000070500003010030000086009000000605070000051000800900000051700060003
000400000050000007800070902308000000020930040060500030000000600000002308670008520
010000400090000080407001000500100003000040870300008094000003000120000009800009200
700300400000060000050000000010570003000031000070400021500000082800605000430018067
067000900149000006280700010000487000001006004000000000020050700500008020000640050
096300004005010002003085000000000308000200000500000001208000460000009200000003815
060000000120007000790400006040002670000500002001000800470001209000090100500000000
800015900000908050090400003000100500047050030010003007000002490000040002000800001
500803001060002700000070000000000060020700340804000005036000000405000087000200003
009006008007000004620400000040080003006003000000000600100070400308904000290001007
904507000060040000000001000005083900000900000800706004003804500001000008590000400
000080000006070000008001409100000050400308000600900000090006073000004800807093006
600790400000008000020300100300002000010400000706130002100000300087000000204600070
607500908000089470000006020080030000000008009790200000008095600000040032030000000
000680010080702090000000004000000900605800000703090600000060205400050007070200040
230004000004000000000005000010000028000800907300002010000710805100050270590020004
760005142000000060010000000002503906000204570035100000000000730390000004001000200
000000009004903800000078640098000005500020700600300080030000000002004090000006050
900400008501000302000000500100000800002800050000509124040203000000680000380000005
000007380300240000000108604080060001000400000051000000030070000504000030076080400
000000580500007040070000000300008060002704800000600032020500004600300000008010623
600107309080003500010000007000039601203000000000725800000000750000600000890500100
070006800008050000001000204000900008906200007084000060000004000695020000402090000
000804030000020605001000000690000000004500302200039400006000040500000008009001060
000700009500002060300000000001040003020010790003095410709000300000670000200001000
000000560900062040007000800050090107000200000010080000000014080000800000480957000
600008020000070000090000600000300084000016000007009300008000200049000037100093806
090000000400300500100640800086000000930000600200900000620084030001000405000560010
006040000040000005100900020200005041000169300000030050020000406000370090000001000
060000503000320100701006280002000000180703000457000000500000000000180050000500037
003008100800745000009000005500300700001020009000070810090401500004900007000000000
000000605025687030007005000901506000000800000750900020032000006000002000000000013
000002064000000800960730001706000400000000032300470009032000000000600020040000107
000010009750020000000009000030906400407000000901300000000051640100400003006000700
000907004700520100090000000000000000260008070408072061020005018000164007000000006
803000005002000008000402070140308000000001000007000000000900000200003041001500803
020300010087100000004070500010000078000421050000000000070805340000094000000000002
000090035060073480500100900004000060000900000007000500803000000950830740070000000
050000306420600000000000070040000801060120030508403600080007000000000002600200500
000090040007000080500001609000009000016000005800000070070800401493600000008000300
100007203050000040006030500008000000710600080503070000000760004600001030870023010
000050000715006300006000701040060090600903075090014680104000800800000000050000000
600049802208037090004050600000008009053270000800005000000000000000060000002000403
089750040015060000000400060007100054020000089000089006061000000548600000900000000
000300000000852670000064000740000010602000003530000700400213000006405002001086000
000600000906040000000000050000020098201000540890400000060750004005900016000010700
000560120000000540700090000087001002590000810000000000009000080620000000104205000
200000000000300915010006032030907100090002000801000070750200000080070050000005000
010305002009020800040001300000006100000900000000003420026500008500000010090400560
100000000493270100570309000030902070000050001000007000210403500000500080900020000
000005004000200000100800000000000050040900620092006008600498000005010000400300809
001800000046005830302090010000000200000106008050000000200400500000000340005030060
098000002400002050006900070000140800000070000520000000100608400000010700800700000
000090100000000000000830900609002030100008206020000500800007300030500091000000657
038000000000000900070031050000020070020000580000910002000050010012004300400000895
000516020000000003000020000000080630600001009002000007910708000006250091025090000
050000000000061804000004000420005000800000010001080200290008005000917020000502000
900800000700004000041009208600080590400000007057002004090600000870040000100000900
003008000000204000000000007210000090068000300000089001037400100000076809000001200
200308004060000350408500600000000000000000209000043800704000000300097020002080006
000037060000051089000600000004069003805000090090104000000070038000008000340000050
200000000094000000835000100010407803087000200300000490000580040570004000000030902
007008400200005000000740035013004500600003800020060000000072060000830000002010300
800060020703045800002010046000071380000003054500000002006034000305000000000000000
004080005600037010020500040001706502070004600800050000000000000546000020700600000
900000400000002000500000002190000020306000010040610900000040250007109000030720001
000000080690400300004003090503000700080960020700032004056000000000000030240000907
040083000030100040008090070001200387200009000600300000009000100070006030000004000
930006000500000400028000000000000010043000920280500040090200306060040250050000100
087100000160000075002000004600003008020500060005000003000002050000300406351600007
340015020000000300006240100000020900020060001100907650900000000050109006000000000
850010049094056080000000000000600070070800500030000400900005060600400008000000750
006300009030100000000002000000030590500004302000000004190080040050040008340910006
009000700042000000700006004004800306000000070300470508006008000980207600030500000
920400030050003800800010000608002000001904000040050000000500901090000000300000060
030085900905630480004200000000000009840000000009028007490000600050800000600007000
000802000004030002850000031065910000300000000980200400000000100026401003030005000
591300000200009000000000051000201030003000004100500206008000005950000043640000000
000600000000070040701000060004006000062080403018500620000728000080004010000100300
700600000400012800006458700000080000000000900000200608007060100008500090065809407
000400003500030907002500100000000700000390005010270060703060500005900200000000009
083095607670080495200000000000070000390000040000000083000060358700009000008000002
300480500000000472000000030060810020780032000000006007000000700401000008006000004
000000000930600500000004009560098002000007003040000000390080060700002905004030208
060000041000000000004900030009068400006190280000500000050230060040005000020019800
001200000400000000000380000300420009046001580950060003500000000000050308060108400
000000002900070000601000000503700601000500000700020900008001007200090300390058016
032004001600307900000910000003000000000506000700009350000200000071000500540060000
500037000000050109008020000000000000001780200050093800030005001000000400209810030
000008001000090053000503060000000000408050070031049000000601049800430000005000000
030640000400090310001350000060400007000000850090700000005000090070000600009000785
009410005005096080060008000480700020090000700500240001040000000176080000208000000
082010754000020000005047016070000000000009008001000420020000100504000897000000000
120000800037020000600007000000010000540068210000243008700481300015000000800300000
405006003009040020820001000306000000100090040290065000900100080000002000000000631
100500000000003400002069500093000006516000000200000090600000085040600010008092300
000000400540600000609830000400000000081020000002003650004090020100060009200401500
000600500009050020006430000300800000000000004540320610008041205005000009010000000
932050000080007400007000009053000080700020000000003095306008000820000070000500240
041037006000200709700009043009010000020000800080003600410080020200000000060000300
020108600300000000700003500030840001801700050004030006000500000007000030460000700