400300970200001040701040008030000004000510700000809000900200000040080003000000050
400030700700009000086050004593046001000500070001000000000905003050073040300100000
004058000000000045900000800000640098000920010000005600500209164000000700800064200
000800027000004300469000001000200000200001000000300068006000003790618000002070080
005400300090000000003705910704000000000070540001000020000000400000230050900840703
903000001000901080000000500047050000008300740000000005000000108050002090090408300
000042600008000201000607008009006003062980074040070000007000100000009030300000000
002030609000204000008000400390000000000073000000600002070400800020910703040060001
500340000042000070000068000080000000006000035300009006000030790907800000000200000
000000000000000510906032000509000007600057000400069300005400006300001070000200090
060100020000002060100003000009051070003800000000607090200708000001030706098010200
060203000000000000107400500000046217700102006000035004005064003000000090002007000
960001000070006004301009000730004006012600009400000002600107000000000200105900600
007400050000600000050000073000004060093100000000008409019000000000953010536040000
020039410900000700000014050053000104070050000000200000001300200700000000036120007
890030500000000000401906000038000012910000030000020005006850000080109004200000000
000600000020010080391000002000000010004000005000005000030069050200800640800001390
000800000000000002004020600170002090000190708860000001000003270900740086040000000
060005001080000070009000080000460000000090100103050700600000010071006590000700306
000000000902004000010028000800000009060000204104005060000800001400009005008340902
000000000000800000010704060206500400057000008040008001000003042065000100002000730
300500074460002000050000003000090300600700900105006000000250000000079000020140500
000030000274500060560000000000000046700000090000048320080005000406209005000000280
400090008500072069020500007650084091008020704100000000040005000000000006090000000
003000000000003400040000907070906000080070001312400000904000100060000329000007600
201650700400008006070003040005700028004580001000000300036000100000000005002040000
054000900070005020609034000010002400000003190007090006000001530000000602000000070
070043009006700000000000003004000000007260400002009760090120000600000800000030091
108000000047501006050000097409000000000000005001000700002090800600002009700140602
604090050000000200951080046000004000800020700500000000010860009089000070700000500
047900001008030070500408000090860000000000000004010080005100000001680000300040700
000300810000500006090000700001004030607000108003600040000000400074000305580700000
000000000002000050000000061008500040065820910100040000804010000500980200700605000
000740002000000730050030089036095800000200000720000000000009674000000008003506000
700204003408000007290003001100059702003008005050070000807000000000001000000000308
000108000009000000000054007000091003000600000050070001640000190010000700305009408
005207040000000300001000062000530107000006000000704090000063000600000739020000005
309807014068400000107000060000000907000000041000030000000508000900013005000000790
001000600000800004407062001000079020208006050000000960009408070000700000080020000
000580000024100000000000002080000456000050010000000007040800060015070904902400500
360020009010009064000000200800200000043900180009000000080500913591006000200000000
050000040002865700000020000000400930900600500000008004700000090000902450005007083
000002050000890140301000007170900000000000000005000009200005001000000720097013405
037000900000005620900000500000030008000000090800006100020000010000170800016302000
003000089910000700008300000034001850270500094000040000057000000020170003000200000
500100000060003040208000900001000080940000601000030420600280090095000060000000008
000010407000000060000400801028000340000060000030000702700356000045002030000040008
000043007108002900007000008031000200000000080400000050204031000090005070000200005
810000900602000500905007010409008070000204000000070000251000780000000000700009160
900001080000000750000020906000760005000400020605002000800070100000500009000814060
480005000200030604000012700004600300030040008025000100000000002000000400000700805
609070400000080005578290600900360250000040300200700090006000040000000000003020000
980230100040005800000098405009003600000106000000020031002500000000000064000080200
008000010030002000000000009820039700040100090057000300010008072000000000000570040
000200130610000000000000000700005000000030400203160007004097060090006070000450901
000000800000030109000920050016780000500006003300000700000090015000000000072500900
203740000670080042180000600000000004000410300000903817000002000000600580000070006
052600830000208000030000006003009000000500000091027050000900600008002010009100520
100804305000500079000090014016080000500060000938000000063000090740006000800000050
080004100200000905600280300840560001900003004005000000000095000000000600003006050
603090007400000000010076008020409000000000080001002000040000700806027940902001000
000900070700006000590010002800600507000025080010000090006000010000407000054000000
001500020000000005200000000720008006040301700030006008004030010500400000000600003
003400000700200000010000000002009830096004000300610002009000200400900701020070403
050000001089000000000000029070008010008032040100000900004057200030094000500801700
050000042040060073000200106000500000000023000010709020000000010400910650000602900
009030200000800000002000058500000000060009580030100000040002060900060000008501040
004500006000073020700000095030000050200000900695000400020006019500040000060090200
200053041000240000000809500061020000503000018402000030000001004009038000000490000
000200060405000083003000000027005000000000506600900008870000305309000000040060009
100800340940100002028070050070902030005010200002500900000030780000000000000007000
000728005780600000010000000007205000000000450000310002003800000074160830060040007
000000020800000540604230000001000005900003800040620001000000410009005300160000000
007500006208000007005082003000058070006120500000007109630010000000000000590000000
050000069060081002400500000900000008000600000001000740000700910000068000000900027
570000000004100020000000478000040915700008260000000004057000640006207000980001000
000000019000000000000400020508200640670080000200700500800007002715000008090001050
008300000450000309009140008300697000000004000000508000190060005805000401006000000
000300000000280695010000400040920001030500004800006020000000100050009080000000030
000039050000000000201050400000100000000098200630002000004003060500001004002680910
000349000000000006500010009000000704000570690038000015100000350000006000900450001
400007680000000007000020190000090010002006003000204000000080000017000340020061070
005000108001009076600400000007000000400930000080006300500080600000003000094107000
090070000000300045400008000700081093001000700000003008503800600006004050080010000
001706000040019000000030106030000400800000090070000003000045900908007000005000081
080000005905820070003000000030504200058010000001700300009300008000000090020400007
050000000400001060010069003000002100000140200032050000005203009000000007007000406
700040080105900000800570000000060017060400000002090040000700000000000608004150009
070200005530000900002000008057020040000890001800700390003000070000940000040100000
020000806000002095000080000059000000000090158000201400040600032000009060003000904
000002000020000030009100500702090000014000008090000350007003000800000700000780042
080600091000000000156030000090540060000009070001308000600004000000006980970010000
000000061600209005400000000310904000000020900740000100900650000263001090004702000
160800000000056104000000020901007006600000050008200090000000002007095000500680000
100000600080009400475100000040065000001000080908700205520040001807010000000000060
000304900030000267920000500000790600000003400007000030000060705000912000090000000
000704052200009600709065380007640800640000000003000000430920000080300000002000005
100000090005400062004000000050608047200000905000000600741000000002709000006000020
050902010004100000002746900000009078000000400108007602906005700000000000000000520
050006000000000008604000207800005000067200050000000100510764802300000010080500000
061030070007890003004700806000010000000400000090000030000060040050000700670000190
000607050000540091000002700109450200200009000300200060000001003000000500020900017
000000000300200000008710026040005810000600030500000000080007054105020600002030070
207000000003009000040006120004000070056000900000090040700000650001250003090007004
000007103200000000010000045050003680400000030730806020000400000800500460300070050
000400000000000000001700003407008000050300810000020000039100072540000900000009480
000004700039100048000000290000800009004600020206009001000040000000700100040396080
003008900860900007000000300020050000090370004400020800037600002205700000000090000
004050020000400000200007000900000007000005080400830900005100000300590018002084009
810600000096005700005480900300000670000056409008900500000001000040300050000040000
000290800040170000305400000052008000100000509907000100000000040000300050008000007
008047300060000000503200000640005000020700005000006002000300007000608200390500080
000097004700038600006050790360002000000003060500000008074009850000420000205000000
000040000900005003000003156120790000490000025300000000217400090600030000000000000
070000090150007000000901200203706000586310000710082000060008000000200060800100700
000605100710900506000300000064000000500206030001000200370000090050000020906000001
000205003010000890020006050060000000100073006700000030070500000500000918801000065
080000002670000085001000760002003070069805000017290500006000031000100627000000000
001907080030040000000020709000004108000609030000010000029008640000030000360000820
002068000070005293000000001900320100020000000500081000000000805053000716008000032
500009060108000090960010032000020000300071500020300080007008300891000000050000900
000010000000500600005607000080705060060092008300001900000006005100009000900000237
000008000013600002005004093020080610930000005600005400000000006000000900000490801
050800000900000020384006000005348000020000000803209000007035890060400307500000000
000500003040003090000000410005192040001035900000600000000000051700000260060201704
020003006000940005090006480010000603000000540000024090000001200309600800000090000
000000509070026000000400082002800700050900800000043000630000000000300090000200407
000300020005080016000060809000008200060009031000050000000004060400810000086095000
000005074050024600810000900080060045000400060700000001000040000000890100000206000
000084000400700100300000000170908002000000000800450090000090500000240007000007031
000083000000000000008005040300000400780906005009050007070608520000340700046002803
000030609600500700100000040064000010007001380510048006000090800000000000700300000
002018300000300000010000000060000003007503400000601200800070500004000062073020140
000600900060000400000040000000002000008070109007908003084000200690013008700089004
003080900009004000620300000010670009002000003060008170906000010040830007070006000
050300200040028900700000430200010000010000000000080007300009008004000520009145000
000000000020300070030745000008001057307500680002800040000000000400080100076004020
600010700509206400000000590000007320005000000300000915006000004000300000170002000
900006007860030000072800005000003020000090000000702010150609700086570002090000000
000005060000000749000000800098640000070000600500000410051090000009007001004083000
120500040000000590000008003049100000000002071800009000500400002030000700000000018
008042000000000000000000009900207008700050920035006407040000635000600000000093002
000050874500000010010000030045000008008070100100300002459000000380400000000200000
300520000000049060040006020000000039902008400080000250000000080020070000803900607
000000000050002680090006000003090200009807304060004050070240000040030065000000900
000004100970000400502970030000729004000000003700008010003000800000300050000407002
060009400000250980010000005130500009000000830200008000000000020396000501000000600
000030097007008000000009850000500970600000020000800506003057040020000600050063002
000004000780090206005000018000000960000000002061500080800009001000810000004200050
000004000057006004403028900900000000602000803004030020000082000000400200000950060
008100035604780000000090400000007091070000006319000040001000004060000900403000078
500000000030070001400600000020184000050200300000000060001000050200010480008307000
000000000600003498890040003004000800008500000010309000430000000000108204005020006
010800000400000000000006080030000000080004607067900040006710800000020960920080100
070000900803059070000002103981003006600005000005000200000000005030000000090600080
362009051000000000000020003000800300610005002025000009000261900000480000400000010
080509002060020009009400005751060000000000000000012000000270000100005206005000980
860000000000000200000830007014063000027000063000000009090208340600000002000000190
480230000007010002000680030000500710050000020632100580000000060000000170040000000
000000023650000081901000000008004010300000000000000854800000000513800000060503400
051200000800960000000000000000000002040070001627000905090000004000100580700580600
002400810000000000004060023000518009009000056003000004020000000046300000300691000
920000014000000090000009007060000908705098100010005600500070800002001700000200000
960003500070000030801009600000700000000000061006518704000100070040800000000007090
500030700360000020091000500800000005070001000000006080900000200000052010087000900
000060253000001000000850600083000540100020000200900108000012000004500000050634000
400000000093100700105060900907030680080000100050000000600007000014000500030000806
200067000905080000304500000500090300000200400009305000000000080050046000037002090
000000384000000000860000900080000740000903002900028010302000106476000000000302000
040000002620000001708600090030000000104300008200000000090430000000200060000760304
601037409080000001090008072000070200000600000030920060800004100000000836000090000
000700400025900063040000210300076000400010000050000000107003006690000050000007000
000609403000000170100008000090005000006000009005104300060043705000800001000050036
900040000013600000804070600150400860000900730039001000040000000000000050007003008
000075090080001007190068000305020078000530000701080000000600900003002000000003060
270001000050700062009204100000080904080510000091007086000000620000000400000000095
760040050003000790000500000007001000040605007930000600090004000500000000000078100
760080030045003000108504000001009508600070000000601007000407000000000071000810000
000002000300000002806501043203000000060000410490000000040008100000300850000104069
824000000100026807600000005000000078048300100260005003031000000000000002000004730
000840002007002390060030078000000020040280630009500000000070080700000000690000040
001700600040080120506300040000108000000000710203050000070500003000620000000000000
000003504960102080000000060003006000800040019050200000000070300300000401000000000
000000800000000100400700005500040900304980000700030001050003407007410320900200008
030000000000004090000000264005060003000000070000093100056700900012006050003040007
002480000000700810600000020000072053000000000080140700005060040000000007030207601
520000000090000200800400000000014890083000050400000001200060080000005003060820140
500200060070603200690071308000000000061000000000050000000008059000010700308700100
509000072030000008002000040020090080400000701013508090000000007050400010000050009
300000809004100063080960510000008000000546000000302905001000000690250000030000400
000017900781200300002830000050900020070500000008000004000001070900000000805020109
070800002000000003502400070800279050000000000000006384000000000037000940000798000
000000000050072000740035000005600004007000080001840003200000000000004837010086005
400300000000000700020060000080020003005704600090000508500046020006850000300200000
300008600006000304500003200000700450000000002007002803030020501000600000120840000
806952000403006000090000000002060000080400300650020000200004069007000030065000070
680000500907000040000001000065000000104508007700060010031009070000600000800000094
490180060025400000000060000800900000070050200016200098000000000000607400900000780
000041000500000003461300500603000005019000000040030070000056000000000790207000100
000500730400268105000000806000000500000400000040006200635002001780010000200000370
430800000506400000000503068068000920300000000200095030010008006000020301000000200
400008073008000106570000000300000000064700051001500900003010098700000000080000004
000490000008300000274000300600080070000007000031000002097030160010004800820009000
300005001009020000000000360500100809000000120090030000103500000000040082050062000
060000050040000218000200004005010872400008500006000000001400060200000009000090700
000403200000070400100059000000002017002047809090100000203500070000000004000001325
900800004000900000405000000683000009020090003000040010002050006060000140000600902
005000000000300000084000000000000064600807500002500003203004850008010407010750006
000800200000040000400002800050000000310000000908104300100009002070300410003450908
700208300000006800000730059200000006004000000903000002000005040680000000400900730
000600004060705100908000650005070001000081400200000090000020000680000000140500000
000080040020706308560010000000500070000004000001060205030000000040000107000805400
000400801000000005006000900862000704051000000004000500027640008040097620008020090
060000000007901205201000040008600000006090000000054000900580100000002490102000807
005000704034000068000000010600028001000060025010470000502000800060000000047300000
000000000308017040005000360009036000183000000040900800604070005057300000000150000
002037005000000000190045000700000000010070908900020350200390000000008000540200009
060040100402070000000000006100200409000960200003001000000100327000300600200000005
000000940070006008000000000007050004903672085200400090360845000005960002000000000
000000000020143080104008037000030405000604020000070000002000010701856000000000073
000230000908000060601000000000067000165000000000802000000070003007958200500600080
007108000503090700000005030000804060840300000006907300000500609000070000000600540
120590000095403020000006000008200000000308054000000030200010500009000086063000002
700400900000008000000230040910800300078000000050003074000000009800941002001520400
104900000000000857070030400703045090009710030000800200207400000000000000981000000
000800500600000900080000000000700059400010006170059002008602070590100600000000200
000700020800000010054000090009507006500000000740020000091002700008600050060800149
000005700000000010030000200060000109004000030072030005010300000900206001600079420
000670800007020690040500010080000100100095070005008000200000489000000002860000000
000059040000008000002000008003021007100000000009540002080104020500070019007000034
000670000000080502000400906605100000470060000100028050000000007000910800900007010
980000000050203000200000000039060008000307560760002090090010800070538010001006000
002410370000000000400970015050030000800000000020080040008023000709000000003100004
108000700300640800706030000000000050601009030000500401003008000000000000900016004
001000203560001700003000060090000180005000000000000076010860300000007020080320905
070000800000400000005700400200608003000003084010007002000060500060801000850000036
300007805000810090700900000000000007400032050032080049000000034007000000580240000
400090278900000400080230095000000000005640009000908000008470000060000000000020503
030006071805007030000019800068001050700060100500000320000800000000000000600002000
870600001003001005010080003000970206000000050000000930090000000085030007001000060
700010900020009400008000210000050000800000050500000027900004000403082000005700003
700100600030260170000005008000008060080500000006410030005641000200000000000030040
080009500500062003370500004000004000000005420000790030702000050000000809005003000
100080004070001000006750008020006100003140080480000000060038000230500000705000000
000000000500001074607000000005780300000004800180300000004000207810600003300000508
050000000603008050002000060070200430005080000000700005008075120000000004160400003
000000300600000750957600000304850000000000000085097000060743001000060000100500800
005090000070020469630000005000600051000107000000000000400000100093050070000009003
090086300000500000020003007050000002260034080000800700000600000800947005000020004
000000001030000590100007408000009200000300940000450087024100800010800030007004000
096080000304000008000700000830000200009304006005000700000097000563400000080206000
007900250002018007506000040400000006000000000000090010050000080000080001080706590
070009084000070000200408009003000000900800200000901000064020700000100046009000030
860209730000000009200310040000060000000070000981000000070806003600100000000030014
000020501751000000040000090980000000000084000070000420000700640090000050617000082
000200501900000000060001007000000400030000000054000706500009200012703040070005103
000005004100040026207010900000807000650002400000004002070000009000600001090008000
003080001000000025000000406000100374040520600000000000600040000702038500030001000
500000000004000006912000000000000403096050800001600500000000308308902004000308210
000490050800010000030008000027800000000005009050200037001580000000004073390027000
000000010000004009000908000003000040509630700078500006006000035001070000905300000
000300001050040000400000000370900000080100040600000508008009030530060000004800107
803000000000006090005000000400000082900508600000064730070050360000040200004802900
600001030000038000004500000009003054000100000000092380400600109500209000800000000
040000082000000507070000006900500800007802000000010904094100000000080600015460000
400000950000470000000000000001050070740002800802000190308091000070203000190004030
000002005000070096000360000420000010009000600650013000100000040000050070007034200
300000800040000537000000004706801050003004009500600080080406700000007100600000900
090000580000584007000090600000050041037100006081000300000006000000040000960007000
070000940406090080000200000200000176003000000090000400604010000028000003130000260
040000700000000000082135090030082000005400009400000000021090040050301000000070800
800790430050000071009300005065800007000009100700000380000000000080406000000010000
002030040000680091000402806000005900050800000009200004900000000025000000841003000
106004032380000010250600009000230000005109000030000000040800000500020140000400698
300000400000900028068240009000000060070500283020000700600000000007092800000803650
005031090001470000000095700010020000280007003000019080503000000070000500049000000
000800100600400200124000600080700020000640730070090080040010000302900800907000000
002050900006008000010002050000005000000016000000090300901030007038009600067000203
000000100003607890700028360050000030900006008070900001100000000207089000039002000
000590080000004000091000000040300000000002013000000807000085020200703400170040300
000052000500070420000000060006029000040000000200100300300090007705006240001400003
019080070000904000060007000008506020006000009900000000190800500002000708040071000
000000500070093006600400000802045000059000000000009070420000800008000009003006000
000000207003000000009700840097000018204000000000910000008400600000000980700020104
000510000005000460708000200692008040000704080000609001800005000200000000051000007
004000910800020000200006005400000001086000300005090006009100000640000000503002608
000000020590000000041000000007850000000000000010940305008320500030009001020580090
002000709080003004003600000400010670020040300090006008700000100030400800000007000
000090200009004060401250000000000009004900830800102006000000053080600021000040000
006040002000692050090000070000000741000400000100000580000728600000000000850001090
000010300500004000034000000719300000000800005400000007020000040850000012107029080
000948000006210800000000000070005010062090000400000009500800070649000000001500090
000000200036500000100084000002000008380600409000000320050020000800150000009000004
000000300600007041000006900700008103060509800085001060300000000090000007400700035
000000106060000300205000000000150008350080407020004000006002004000000000431607000
010800000893054001007000006970000000008007090406000000004000800005060700360008005
970102500085040010403700000000000080000500000700003091090830000000050006000000007
071000900000000007503000000045009706607400000090000080750903000300007100006500004
000040000005000200000090064070560490009207510000000020000026340020400759000000000
050100000301000790720000000600030500007560000000912007400603001000000900039004000
680020050000006100007900000000105007060008200590000801800467000000000000000580090
000070020000040000920000000602000010094250700001080040800500201000004050700006900
100095000000008000300040089401000000000300200000609000900000020040050096002000540
000703040000040500005020061003000200000000103002109050050304900206510000000000070
060004170501000020000000809009008600704000000006041008407000900000000080012900560
000150000000000950095470031000800697000630000000047800010004000009500760006700010
000850206700002048000900300403000600000000500006000000260009800309004050070000000
005071090400900000082500100000403009350000000000008730000000001000090280000010970
740000000050043700002590000400005380007028000008030000000009800010000050089200000
080000032400000090706000400900000350000000020000269700037000004500907000208300000
050004300000020700000900040020098503000300400000710020000270001003050000071000800
000100800320050600760000010042060000030570000000000000070020160000600008005000370
920600000600000030018070050001000809000368070000000000000200500007000080000803210
003096010000073905600058040046000030070000000008031650034005000815000000000000000
324001700080000000600040000040006000000020940800019602210090000460307200070000000
000105000000020000901408050105043000000000000020570800000731002009000001003200008
000706030000180000003000000106000070080050403002800050010007006000000800460300027
020000000870002350060000204000063000047000002530040680000000040400080590000000007
900600020000005930100080600000003080800209350040000200000062000000000002300090810
504062009071305200000000050030500006600900000000000000000600400000139020005007300
080040009002003000010000000200000503901008060000620040890001320003800006046000090
700008030010064080090010007008100000000006000000900600076030210000009400020000300
000001000000000000000076040040905073100000020002703600600000037003604205501000060
509600400008000950320000006000010300004030500000000000900004080000150060680090200
010000039005070080000023600000000000070500000200000000706008300050301060009057002
080340010000900004090017000000204300000031006000080007970100062000076009006000030
000500007003010000790000006031004050000100490000207030506000000400003000007060000
180090070060000100005800960000489610004601200000007000020000085700000000009000000
087300100020065800500000000070506000803000000050002000000080002400203000730150680
100034700000670000003510006400000200000050430015000000306005019090700000580000000
400900000987300001000080052000000090300047008840050000000000004132000000000001080
000000050000020680801000409000605800060080070070142000006000000000200105040508000
040008072030900008008030040000050020001843700405070009000090000070002000003000010
000820030600005201008000400001400008026000000000017000000004000000380156000060020
800650002000300700070000690000000083005000000000200009906010307720000010030008000
001000800280003476000000000067000189000601000039007000800000900003080060000304020
006035801000104000000000000032070046000600100001000057000002000024703005000050080
000060200200000009000000016000000000831049070940003800014300700060000020002000304
000000300100005000007020000000703004025640030084200006000008010046010080000030507
300075000060003400085000020002000001051007040608004000000400200010000000003100058
000900720100000043700000009010000070406000800902410006008007900600000400090640300
840000000300001000001074000007052001106000300050300040000100007005027000014560000
582090700000630000000080009709000040028000070000060000090020008046000000000008390
601300009003009702000000400000000306300007050002000001409260000000000000206000907
500900300060000100000438000000000002080000010130800004005062091400050020000000000
104300086007000193500000700000000000400105000005070000300009007000501000901046008
000000010008042700000070006002009000000000408000006005000008001950200060706010000
430007080005090000000600549000000600840000001100800030090060000000401060000000003
020700040400890000500020098000003500000000002050100080001000030000400010940080020
700008050036500000190030800000010007004009000308040006000000000003000100000006390
000005408060100030000080000174000000620800000305716000000307000000050000753640010
450000300000080400000009000209301080030006105060000000000240050020060000000100096
007000004000004856080000003900000700000040085006005002004806039600000500002450000
090800000000090700600023000004009080130000040000080007000601003000204071040000006
050102000040605070289000100010040009970000008000001000020006097000000460008000005
080040320003000000000000490900630810040050000000081904000000230801002000302000609
030000502060001000000240009906400000000063750000107000000070000157600000002005000
070503000000170340403000000006000091900207000050600074000000602010750000000001000
300050809000409006200600000602080000004005000035164900000003008081590000060000000
009564080070000006053700090000030001000681000000900703000000000005070610030010900
000001590010000006060000002236500900150090008007003000000005100000200073000007860
000137000200000000060020009000004000006000750090300006001503927000010060000092400
000005000008000600300090000000006900800000001009130002000050010906800020001204006
700052001020000680910800200276300800300020000100905006000010000090760000000009000
020016080486000900000000040075000200902000000000900700000000001748100000000009850
010000007009005000780009000040060000030700009608004070074380005000607034001000000
400005000080400000000703010300001507004008020058000061005000000700200040623000000
000030000250000030830900006900380600060040023320790408000605000080000000009000000
000000000000507000703000004200009003900006070840002060000400007405060009070000058
090000000000860003070000001010030905002100600000090000801005000500609100300000200
700000000000480000084016750000001800090000000560200000007024005001000009650000000
005000027200400000000050000000203100000007369400009005002700900030000654000000010
000020000000640000260981070000069000801470000000000502600090017070006000012000005
000005070670023000005000002000000507021080030043000060008000000030004000256010308
006307000000005070000010000005000030010070508000008621050002003070000016000840005
000209000000050040570000000040001035030040090702008000020935700007800000800002003
040270016063050000000019000030000000905000600000000750000500002006720004407000000
005000907010000040000000610080060000901070406000085020000008000006090002007504001
670400100040700000000000000708060000020000000309008000000600901007930200090041380
000000000200040580000000139700030000310098050400005010008000200040801005000020041
007400000089005000030000700006030000020008000800607000000209006900050308000006450
600300050050070906002060308000900020009000000000003500000000607047690002008047000
609000000520030070040900000350098000000200006008073040090300000000859000006020004
000090047009200001000400002070026000300007086000800030702030000004001000160000004
560003017040000000108000506000500002070000000000001070080000601050067028002840000
006007000009500000100246700000071000050000470070000009020005030090400100000630500
007030000000000004400005860001800076003000400040000012060070000000453001000006030
080004000091050000030000710370009050000738000000010000016085007000400035000000000
001000070300100020250700001000015803930208005000030009006870000700002000009000000
060300000308021000002000050250000030010000090004005012609000420030090006800000000
000089040000001500295030000980000000100023900000000000008000000700040300042917080
000640107003700002906000000700000006260500000094010000400000000320170500005003070
300400000070003010400007000040010095109040608800700000000000307000071050000805400
087000000600000000000050700005000003000543060200006100700004580010300000800620400
007809400021000000090307200009006004800003000002090370000084000070602000006000000
400060080310000002000000430001008004640237008207000000000000910172000046000000200
300010000008003200100600000492700103007004000000020800010476000009300000000000008
300040050009601000250900000540000000002000406000000100800000004000102060021380000
000000308031070000000800106407000000002060009090003000000009062600000800089610703
000650000070000040200100360300005000020010008018040000000580000000003700830027005
005000400014000093900000006000000020000200005097410000300070060000030004600502001
230540080607000000050702000000204000000070200405830006096080000000006009500000400
301209700800030050090070000020400890030000000000008304000500083000300240000002900
450000000000031000900007000000082010020100000800049020280500074700020100000700890
600300000400701060910540000001000030080000574500000000890000000005007300040003001
030001000000006000009000030060000090007060410150704003010083050000070006008009700
000000420058409000000000000070000003800003500900780100000000070107900208000040005
003040005000000200000000076206058700040300000780600000870003000000510080002087300
400000000000907010800056070906580040100000005008401690000070006002000100700000008
810760024000005010579000800004002907080001600000000085490070000050000400000000000
900008065080000000760000029000089240009043678000060000003000000008000300000070500
000004005000006000060100000500040203000502007070000060008060074400208000001000308
067009000200000000030000000610000007004000023090005001000601059000503072003072400
100000849800050010000000005008000203007080050400200000003500184500000090914002000
801034000490000000006200000130890000708001000060000000000700030607400802010006700
500090040000700009000053010100006000307000600409010003803900150000000970000008006
080600000000010006000420500060500003000360040007000000106000008500243600003000200
000020040200050019000409070604070000000104002000000000800000021000700006007805900
520000000041052300000000004064005030830000000052048000000007800007800001000024000
906010004004000100000409020087062340300900070690000802000823000008000000200000030
040300210090020670003007509000000000000000005001006090604012000170030006500009000
000780560000000009000009872080400000000000703000063200650090300708006000009230008
050040000840250600000008040100000004080010030020084060000060780003000105070020000
200010000000600300805904206650000903009000008002100005000500000391040000046000000
000490005608070400000200069005040270007510080040002001002000090064000000010000000
001004000340000120069000000000680540500310060030000000000009036008000400620000800
001000090005370000200000007000000940000004070600200030004710000503090000097040000
020001080000698000000000000000809400091203000250040301000902005005000800000004603
000640000730095000000001308000000063000000040153000007060007981000030005900000600
000024030000700000001008240000000000710000000600001800060400003470082160800500004
002000000059070200040000000004001005000980017800060040090000002480006000507090008
020050700096200500580004000000000000040002003000007900063009080070080000000600034
000000021600100800000000400001084050008701006706090000042018007000000205000900004
700030005000600108005000000080107030504008000000060807010000000008006000903050001
006080002090021050700005908000000005000000103000130600230057000000009267001000000
000400501900003020050006900300020060086000000010040008069000000108000000200500004
005040810000007002400009500200000300030900087800520904000030000087000000010002000
082000400010090300603004700000700201000903086000410000004300000000000000300008002
302000094600004080009500100960000000000090001800600003004300060000052009000000020
050000000010000040942000560090080050000000001000000076069058420500020090400170080
040908000002006000000000900504000000030097006200560300090000008080070605003600040
602070000000040000000600400208000057076200004090000380000000000000003095760408000
000800003004009006000060050049000005000028010000400080608302000105000600000050020
030004900900000080000000000000000010000360050451009070740000000009017006803900000
620500400700098005000006000000400000000002007512000000006015200040000000000720081
900460800600970000000000000002600109001800640000010700290080070700502004050096008
509600700001020000000004900000008000080000060000000070702090410900280500056041000
000080000005304102980500040090230000504008000128600000000900600001003000000000008
002000000050008000700000000108000045030005080000004903200000054370000010049052008
000005000902000700000600050040000006000306100000020000009002001063410005001700230
060009050180600700000000000750031690002005017008902005000003009000000060000000100
000000000008000020000800006800103050405009080213040090000060100906002840100004900
060030000903002000000900007700000000000800002030029784270103906000046000000200048
400807001005300670000040200840200130070501800000000000006050000000100500000780010
009000070040000000127090000000086017080407930002003806000004100031000600906000000
871000000009400000000001000000794021000000000297800400040000073602003000000600800
000096070007504093200008600300050008000007000000000000830009000902080050400360000
500600000973000000068000401000000840030000609000400075050010090010809703000040000
000800000430100000020300070007008201000200000000090400000050840070002090200400730
900702300002340080107600002300000800000000064200000000700200000610008007000000091
000026300000008609000050170080530200350000007000107005000000908001070000006200000
000000050000096800092708000030800700000203000000010003070502006350980000000000019
050002000000000004008000001000005000400090000000010756094706025000009070106050409
000015080000600000005940600000000019080000040007030060006070150000081700400300000
090000800807600320250000006500002030071000000000109000100000780000060002003000500
000100000009006080000030700000702005005000800000000903081000300500019060700620500
500800900000000000000209300050372600209600000007000048082030500400000000300000496
000830000400002070700000809250000010000000004003000752109000000500000020084090000
500096003008000710000000000000075300160400000000000090000087006700063009000004150
003270009007306100600000070900000607000010590000000000472900000090000003000005001
000970010060000002000500000002000090034002750000000006020090000040000307051040020
350704010000800043040006007000908106000000000607105090010030008000000951060000000
210030050007000900000400010000060400060014300150000000006007003000005792000090040
000003004064017503300602001009000007410000900030000210001000000025006000940000002
000500078000309040265040000086030020370004000002000005000000030640005000800000700
800003400010480960070006002000000200400000080027000100008030000000040001003601720
700004060042000030060271000200000490300000000004790300000010000000506012900002000
069051020003000009108000000000570090000982000007000030702060300800120000010005086
900000003800430000014000900000000005090004100043025009000080600025000000060240000
006708000001500004805924060004009000000050400000600017602080001007400000080006000
000803000800420000002050000780000506000000320204006070050940030090300042000000700
000000001400063000095128000000000530000000602002090140061009205000000090009006300
100000070007000400030000000900030000043597010008400006700000008080010507004600130
030090000006040070070000020005030000649052730007000004000015040001000000050004260
027580060000900050084003200003709800400006000200000647030000004000000509000000000
075940000300006000001080000908005300703010900000000050080400000436009107009071000
806007400940000160000408907001002000200706000000810000038000020000901000000070000
005060010090000000010900400040080007600000100007006540000004000178050090430009605
050700000000802700000050029009000080520009010000000030048000300070000204010030050
300605200078300004000802003060034000004000070000200050500090000000050930040000000
060080005715000900000060000940000001580000090000000000008095010050604708600870200
000024890600000042009001006400000010103900000000000603054000900308100000000002000
900400080000070904003000000000703006632000000080040010008004007004190328009300100
010048309020000015000000000170890032000050000000002807080410023000305784000700000
830075004501020090000000005400000300900000082003008410000000070000907030120000000
000007000620000009309064000090400030500029000008350200046700000000500700000680002
008900200206000000000036007005000900000080006602000540300000650040000308009050004
004017000700005840000900006809004072600070010002000004000050000000801000501402000
300201079000000000070090003000300002200006090164000008900800000010002800000704000
002040301000100090300000007005008070940003000000000509000710240200000030007000000