809704000030080000400002000000000205060400000943000607057000000000265000006000009
000200000302000080501000206400190060819304500000000000146000005050000608200400000
070460000060070095040001000007803600800600001000900037015000009906000000000050000
009300006080000092502809010000001003000237000010000008098070060030050000100000000
049030000000004000200091400301040600700512000000000700006000073007005200100003940
003650400205000900000000008950820000104006000000901500080000100000009083000004600
012060300537400600604000000400300000300010000785000001100840000000002040000650078
000400830093000070004007000000000410000003005080546000000815000030600590000070048
090800540000405027000090000000000680900000051000042000000019064042000000700200000
000620005000500900070000010004060082020100006700800009000000050008207600000050004
050003000007000090020100805000092003800005004705301000070000200103000000080000009
000000803000402001000010700000009402010300090720000080004090000800000930060001000
004601000008000004031000509000000040000200093050000000080109000300080920600004050
000070000020406007080002500000000048970008003000090000400600300003009800000007052
710803000000761900000020000001000000402070000000400620980016700004080000000907000
006010000002070038000090120000000000034806900900000043007400001400000070021000800
000089005975000000800000000007000090000806004140000000000608002720015080590700400
000000500000016070210080000095470020000000000000921005070205049056000000004090000
008023000600001023000005410731000500065004030000000000802000100500680070000002000
000480300008000000710305004140070030600000800000109000050041070000500000000098000
070000400006091000934008000000060200020000030693240000009086000040700000800010003
000007004500000030070603020006050000000800010820010000002301000700000000001072040
009300000000004001700061504000000000020000060000917000065000020003020900000405300
010073000007005004305940060030410950200000000500060047000000430000000009000500002
010000600003500207900020000800000900271098006000300070000002000000010783000000000
000300560000000900790006380000038700000060030050007400001000054900004070030080100
602007354000000002003050716200000030507602000100740000000004825000000000800000000
500600009706092300080004000204009060090800000600200003009000070300087000402000000
080200600009070400002603000400000060000500300073090204096000005200000000050000007
000900007008000009000007050000045300390700060640000010060000901500406870000013000
000000004200030060000169030000600080000087090300410000040020018000300026820000300
015000000000000701804000000000100005020050006600000230060702800000800503070000000
900105020030008700018020005700904080400031007003000000040000002300000000029300400
000204700002701065001009040400060010050300007017405200090100000000000000000000604
000950020784032010000004008010000000400000081803071054107080040008000005000090000
080000000005002000003009400069500230040000900030004060000700020098230000407906000
057200000402000000630070042004005060900060030700008000096003005000007000300906000
008000000270000810004000009000800700009400000785300000050003120010020080000070034
000700206060020009240980000000107040000060005800000000500004600001570000900000100
300000000001000000097150200006002590709608000020010080010900000000200103005700000
020000006003500000000703082618070500002308600000005009580000000007020000000000100
051006004300000005060407000070000840006030019008701300000160000000000000089070000
040000003800700560000000079000900000300000700000624000070040906005006000080570300
003000060070000401048000700010782000005100008000600000206030004000000007000020803
691023850000000200503000000000006009180005400000008132960081000000000000800000905
506001000000060400900000003000003900070000008000800146100006087300000050080047000
006030040410052860080000501001060000703001000240000070005004000000000080108075000
060710005040000000001064700400005080000900301085000096000000000007000019050009000
031009000000600000000020000003206004000900800526080000600041932040000080000008100
000004000012000000800020167020000000040007510700600200007080300031040020000006400
000006400006300001000000030003000672000005000001000000500700203607010090042600005
140020008003000601870030020000000800000600097080700206000000943000200000090840100
007000641406007008002000700300020080004000016701000000000405002600078000050003800
600025000000008040513000600000080405000000060000400100900300000030804210025009030
000500090800000000062010000000058000040706080009040000408000620500100000010090070
000000402000700308520030000260040007000087000450003060000000000100000700670204000
000040080000503090506000103000000600009136852000050000005081060090400000003002000
001060400005000920000070300004050600000000234000300000007032500903100070540007000
309072860100500000000600090050007020000009001230060008700008000000000002800900006
008000600050000070000600251029010005000000702000000910200007890064005020000100004
970000006100509780080003015090000000840371600500084000000000800600000073000050000
043206100000700005050010204900070400000001690000490000000000000007102050010563000
004000079000002100000031000700000000000000702840000030002040090590000001000083005
430000700050960000000050002700090000002740590000000030540008000000070060000504080
002513409004000800501480000000002100000300000000007003200030000078100005009000020
000000006000201003030800000080500041000000500704300060003050070607008020100004030
008500300000100080000000000005800060074065000800040027001400603000630008300000070
008900002094000030032050001000000000053004800009000000000580610000600094020000005
500007600400000701090500000040006809805003107003100540000000000600300000170000000
000009400000080060006405900000007800800000703300000050041098000600004007009030500
009050010000600089000090502060000053003000720010800000000002368000109005800000000
800000007000000940000004200000107005205800000007060090009051000040700089100200700
000103000300090001000002650000421000005000300600900204400050700000700000090000002
026000089009050062300000050000790003007430000000000000008070005000300000000006427
000500100000067405002040000000002070001400000400000860008005002107000090090700008
000008000002067301403000008010450007000000060000086500070030600000270004000004800
900600000804010060207000104000090026000000409400002050001000602000007890000000000
300002050102000000000730021000070005000009000090100072000900800600820009700006000
000730004903406000000500010605000790020000000097000031000057000300900060000620470
030000900509000076716000000400000000900068701860109003147050000000900400000080000
200000400000070000000000095900002010650000300003040070030904720760003000400021000
500600700103509000200000091000070000040050100005040006000001000000793400030400609
003000001500070420706020000000000040902010005057006000010000700070005900000000503
000000000014090560250060009005000000040009100006075080701000008080000410000050600
040030010000500700100080903000006050900000300000053000009000100710640800300090060
100750000070300009003861000020000000006070000000208010500000700007000305302000600
001000000000280009000070200802064070000000003900800006030000100080090000000107380
900000000070031000120005079067000000010080690309010807000050008030000056002000300
400030000000570040102000300000002000000006905006005207600007000000900000027000069
002000001005000000070019800301050070540007000000000000200000053700043108050008407
000000000300879010900403000040000080100000300000194000200600008800001709006000021
012439000003060000000001000080000090000000400900600020500310900060000050820540060
002500400600040001000090630007300000056700000000900020140000000000210700003000005
000010000000000650007605003081700000000004060970030001000860000050300000009500314
940008200003200840000000000700026400002500000056009000800000000305892000097030600
080005060000000950001002000060000000072000839003800120300160000006750300008200000
020640030700000000300009008002903750096005000000200060000700080004000007000836000
000000024090000000200040510000009702540001009000800050000030400703020000005700008
000000000009300500270400000706000900000000056005000300482570030903006240000000000
000008170000603040045001300010000000020000000507000420031080000408007000700019003
025960080090000000000720500000000040637080000080070002040000000802000007000300090
000010600070000509035000400389100040500089000000004000046800000150006700000000010
020090000040507030905000000400000020089200000036000040063702005800035000700004600
000000026060105009030000541000800000009000000000409053600508200080364000040001805
000002000000050000105000000000140090003020600760003001007005960000390025090200070
000050000300091008056804000000030700040100000000007406470000301103000800000900000
600200005000100200000005009084000070090028100070610000000000000002096007049870000
010000090035002061620090000000380900000700800000000000860020005000010000300960080
360000000007000100400001930003500700006002010079000050020096000005200009010000000
006034000030000000702000609000200070050090360800000000000080000300040000425703080
006120308043870602000900700300200000002000000681000200010000000000060407907000000
600030002003000400000074000000700601000006080100040093000020069000160700008000010
600032040401080002230000000000070000806009020900800300020000004300900000004000080
013009000000076034000130050000200006400000007006000090090340000245900070000000200
010040000500000900097000000080074009003609080100005003001000070800700460040063000
006002090002040001000003000050000000700001364031000079900000007067005910000000030
030017420004500100207304096300000005092700000105000070000000061009000750700000900
060090000014060079700000520000400000000002040500009700000000800008105007100040050
405000900010000070097003400030007020100000005509002000061030204004071650300000000
420800103500310002060020005000040000807000050000070318000003000130000400200000800
010000000609000002020500000006010000590340120030907000200700406000400030000000950
000286005015040009040000080400020000057600000000100090006000000000000528070000040
000000200000090480000810009100400023009070000005900108000082500200100800030000000
000020070100040300700109040540000000000000000083007500005800004098000003002005790
000000200487000000050000000700290030005306020006080009902070008804530000000029700
800107200000200000570068000008020000740001800106000750007030000003000105000000600
906800000000037600208060700000980020090006000420000000000092031000070040000401000
000102000900400780018930000000000908070000000490006032000000804680090200000000060
000000800000091000860070095000380000035600000000050000003000006710000980052100030
600000004070030000001005009500681907000070600040000000000009450000017008010400300
046000000000067400700301005600002030300006040050000000504070001070003000810050200
045000000970306000260000007610040000500003400020100306000010600100000709000090250
030000004009600000000800005050040007301009000608010500700030000810900050090700400
097010006050079080008600500001400000064008007902000008000907001000000200000006000
080900002000400300350060004002010850000300060800050409000000900015008000000000000
071680430000010000500203060064000050000500247000000000000060000000000070006400581
902003060010000004506020900004002700000036090009100026070000000001000600260090500
005000000080001600300002000200307180000100400430025700020000006108004000060070000
090008043180000600000200000000070009000006810036400020201000700009000000800004030
030000100000000000000059830600002310010890200000604980000400000200900060380000020
000700040419008000000030680008001300057600800040000900086050000731086000000000000
840073000100200004007000850000004060000000000600008043000830006000000000705010280
001320007000800002060000500010950028600003010000200003009007000007000085300000000
090721000100800962008000000000000030530000600800000000300002076007300800080670200
000067040900000020030000000009605300602400000700000000000030017120040009006209400
400000000082006000006928000000800015000000020507004000061009002005270001000400080
507000001090600300006780004009500000001006400000049610040000007050003800000000000
090000200100000360007300049059000000360000400700002000004630010005000030000079050
000030000038000100004000000000056910600002040090340050000200000009015008260008003
400192007200700008607500010050000970009020006008007000004000001000008500000000090
000100960400000000002040705080905070000060400005001009000000517007024000000800200
000000048500800030204070096096000000700960003300000000058700000070045000602000004
891006005306000900000000008640507001008000007970000063030005000004080500009003006
913500060004006000020300407000405000000001090201603040090000500305000000070000900
380060000100807500065040700000000010001509800050700000000100003700094001000000670
000040008090000100000003070047590300000600000500000080000070005600004000034910700
000000006000000350000500010000080030400069070009010400700000500800103090903004067
008910300000000070000030100002050008300060007170203900800000653060000802000000000
020061005600740000000800001008007002010900500006005800000004610000000920070000000
000309080030700600401000070900060000078900060000030010500074100067000000010508000
002703080000042010040000000000690700080000001010070090007060020000020600300000004
000006040000002000520030000003008000000390075640000800000800400009400750000023000
000000109002501000930000200500084007090000000010027003000003802075000000800000300
020000750106000009057009100002000000831000000500000600000005278000380000005906300
073600180026400050850307020000000640000800030000000700580004000007500002000003000
600200050009001003200075000802000000010003600000060015700000000000900000080030720
400300007002057000000400930560800790000000405009060300200930000000028000300670000
000400300290080600460030010010000000000001900300060500006950000005000000800000002
000903000900007318740000092008020530010004009270000000000001400000000000100000057
000000006009047508010980000000098010000004000000630700500001800001800035300060000
200437000000000020000805794900000013085100000170002900000000008000001400030704000
302050000000024000000007009150000097407006503200000001009040070000162000000000100
003000000941030052050008960000800004004090608000000030000960000000000201008240090
690002000400085007000004162000098005007120040000060010070000004000000021000000600
003002060000040000402079500507900000006710000009320015000400000030000401000000079
300008004000400501000000708007050400000830009004090103005100207003000000000047000
000402000000000000000001009030040000006139008109000700310600080090700030708200960
809000000500000007042000893070400050600007930000000000000090000003004082008500600
025160000000070020000009648000000080007890400000021006060000095100000007000005060
070084500800001003200500090100000820000002000000000000007400930902150000438029100
000007030000023040601400000320004009409000000016200000800092370270300100000000060
000200900000000067076500004012000000090120503003400600000300200000000001000007095
300405000000009003009100280200704000010003090000080000030001000102500007000000540
070509100020000300009000506003000008000000000761000900902036000005080601000100090
730200400000800700000004060201000034000600070500041000000000306000058000108700500
000000801600805002039000060390006200065000000204000050000009010000004385083000000
100002400080070016054006020000000358000000070000800000008004060007200003300751000
300010400000000900000000000009000300000200780700408001400090205803500100010002840
010024700000000001000050090003000410009070205052000060720501006000000074000090000
070580000409007050002406000060000000003000006000000208000209483000003709000700060
600501048000004090000000700400600007200005000000000601090000024065000000000870000
040510096006940820800000003000050002500420030000100409082000000000000004010090000
800000291000302705000000080906008030000059610000000008020000000050060070097000320
050078000602001730800602000203060500000000890100705600000306100000000009500900060
020097000080402060006010004001000806070030000000000000002004001000080907030070000
000000000401007000093000000000108065600005380500000109000070090009013070170940006
402005078000000002000004000800000000040708105070040030001027060000501000038060000
001002578700000120000003600060000000298000700000000300009027830300601000070090000
000004195000901000003020000089100300001002000050000004005406002200308000800010000
060000000405006010008030000700504030010063005000210070650080000070001000800600140
040006005000000710108500000000005100054860097000079004000000800090400031080000040
560070800000008500008010039930040000000350000654000000009000001000000000000739604
400300010008900030302050004000000790520409008000100300007000000000001020090003000
025000800000004003401007000000001070000360000600080030000000060000208700074030001
800010007000020800070000400090000005027001003004903000001089274000000900000000010
000602100000000406009010000040008297000790000008403000000340000070000800602000003
000005001300010026010002700001090080079800015050000000008600000000000009092300000
049378000060901000700000003853140700000007000610800000105600000000003610000004005
100080020004005001500200603000000000000000200000004057010006000480030100270540800
000012000002803700500000400000038010601000000700000600028000000406500000000700004
290007000070000030103080000000905000852400009004070300300008500007024000020130000
400083020070260030000700950090600570005007080060400000040000000007000000053000200
704002000006300708000800064300020070001000000000000103239010040000040010000039007
050006030000003080906070000010004000000009050407000000040030890009600500060507014
400590060070086005600700040850000004009000000000000000740168300590007000080040607
208007501006508400700000002600009000100200000005000000400716009000095020000000067
000000000200906030090008010000010300080602095000040002058000000040100906000000400
702040903430170006000020000009000004600000080000000007160097040080060000900801000
008020000290403001000008590013000000905000000070004000520007830809300004000000900
000070090001002080830000100200000000080000240703000008070020009409700001500030700
902700000000000080306009000500000107200103068600000000000001000000007090130960705
600090000030407000040003059000900000500000038080000060702008006005000300090200085
850006009470000000003900800200008036080000500004300000790000400000000000530009728
029030506000020000000006081000600010053082000000000000082150070701000003300000020
400100070050000000000006235020000600000040000004000100000002000070305004381670020
020005000091060200370090450000000920000004301000000004009100006003620500700040000
008000100000021603004060080090010406005000200210005000001000000906000031480000500
030107005000080072000003000000026000700000900365708020000300007803010000600002009
320000090800040050000060800000005060206000084100000000030004010005006203910200000
206910003070020410090000600400270000050006007000000000000047500003000000001060020
810000000000006380600810240090000100380020406000300000000973620020080700900001000
000040080000000500000000704907800100208093000015000000800007040509210830000000002
000602003000030050000740020007060001102095000300000000000007130000020009509000700
000008010640570000500041000200010080030605074005000000000020003000000008070400000
030000750007108000090200000000407380000029000200500007001084000000000493000000010
059700130000000050003001700900000000080000000000005027008000069005083200072690005
008000041000010000000007900280041700000002360030790000020008000401030000007000630
003000905000002640004000000000001060300600200070203000500000401700010000902700300
004006009000003000005078060600080030040010600013500987507000000006040003000900000
005410070002000000000580406000000001200600504000800060001004009900000120006070000
000060470600007028000400005080001000050000700020740060000010209000586010000000000
002000000060000008085009067000408520040002609000070080000000410510080006004060005
000080040602040000005000020720000050058600230030005906007004089040000000000067000
600000100405000008020000403050100006000080574002000800000006000360500702081700300
081500000000000004060001900030609047400000080000005390009000500005800000000000006
000010000705802000429000000040000850002000000500004100000350270900200001008040003
180400600002060005000000300700000001003000007500106000005300804000000050000820070
067091040000500000309070500000007005903000602000060703000025000600000000041000000
009674000700009000000500000500902406000050001000007000025006800400010900010205604
000020300019073000000006004200060500500904200060000090000150900000040037000002006
000000000000000249900200806002000607006900002000008050007490000001050074500007001
280000900000000260009200001000902000030060040090000050000008500006000030405001006
078009030600000070250000000706150020005073800000000000030200000100008000060000107
908000360020406890030000001000362174000010000000070020000048032800000000000000600
000000700400102000000000031700800000000450300000003506000020005200340680005006400
010005000000170003708036040006583000203000000000700800050004000002050000400000026
030600070700000102000000000954070001000000007000002950010430000306000009020050004
000000000000008176780000409020079008000642000040500000000090010010000050500006897
009000087070105004000098000000000100000000000850004002047020690005006000100400700
005200100100065400906010000000002006000600900000000000890000040400900057020706008
408000000095000000010890000500400907601000000000070600000006013100007490004003050
082006517000000008000020940000901070005080020040000000000849000007105000001060000
103007900000000012570006000002059100030060000000070890080000007300000080250000000
000600000050079003768410050500000490010900008000306000000000040080000006095000030
010000060250800000009000200000900340020000000901060005060204080000000004105006090
000030780005400600000672000130000040020346000500000060207813000380007000000020000
090040600063100020004007051100035042400900000000000100905300064000000500000000700
069704030001805900080003000000090000006000107000000000547000008090001040008000600
900000002002870000004500810060004000000000000158960020070020500000406000000050080
700001309020038000000000000000000700000700002900000050015207090060500100070019800
000000005100400000002000000500080009000710800070053100041090280208000000050030700
400500003007340006000002000500708000720006040000000000260000704300020690905000030
702910843006000000000000019008000000000207008204001000600000300000309420000060090
000000000000390000004001800050010000700000590300000207091007008080009400407008032
400917008000002000060000100000670000006000012800020709970508000204000000000000000
503000060861000200000000000019080430650000100034001002000096000000002695000003010
005000070000007015000000400200500004009000850300070201801090300020000040040208000
007000000860000390320070800002003700030000000000920600008007003500490000049608000
400700000038006401010000570000000018570380900800001000006000300000040000100070060
409600007000089002080502000000000050000000000070800406007030020065040000003750060
900500000800400207742000090108005020470003059000004080300000000000200000005309000
000006050000000092019500700000002007803090000700050600000000000530000100620700305
602000000108950600700000000907000001205860070060000020401079280000180400000040000
020705340000300027000000080200000650000003400030500072000000000068000009070268000
000509604300000092800000005040006000290000000008000500030784900000090206000000070
104000650000002009000400730007000300300000000092050070740300100030209000005000000
008060000005000080097400005030000060000050710059003400000010000000000007600930000
000700900046000003205600040030000700502000400000500036100000000700002090000091000
000043059000600740050079280006080000090000000004002000500000070000837002200000090
020400000000000927006000050900207800000890070000030400200300000004060000000508093
900000050065000000420900000709300080038000000200004000006720049000040000090580230
700490000000000000090800470930000500800000040005000283000250000006000005000648092
003001040020003596690040030000054020006000000140000000000000900850000000002600003
789015042040000105050400790020001000007052001000070003000000500014000000230004000
000040020000739080057000090003000000020500000000027000009003007804002009070008060
800000000970050000326000040067080000030007650500060800000000480009026005750038900
000600740050100630000095001120007000503400000000050900300009000004003000000702000
300015004075000609040007000004000590061090420002000000200000130000600000003052000
830640000054702030720000600000059000400830000090006080000204000240098005000000060
200080000010009000000200495080900200309000840600000050800000100040100680026000000
000032040832050006000000000040205030005600790370008400020084570000000000050026000
205700000080003005030042100000000040013900000000014090008007000347000000590000002
041000000080106040250040709004070020000400006002500000008090160007000492000000000
700600001010700005020000080000000000002000006958000000805091007000308100000006320
907380000000040005200005008340000000005406000080050000500200306090000000020537090
193670008060300000208000000000206100905003000000001309300020000000500000820907050
400070020000504000029060500005006030074100002100000009000000100000702005040300007
070000000215800000804030005000080050000400803700002600300140200000003060046000000
004500710300000564000000003000400005500090000067100002940000370070900000600000200
900000200067000000002000800500620008038050000000090007000980042000506903600000000
000002061800000200000700030020000007006100005030000180007004800000320410000806003
000450009000000000060001000002140000080600000451029000000800020048000635293000004
020000400700000030000020068200900001900000720080000904008406100007098003000070000
100500609200003850000002031002108000910060000508200000800000900006000010070900000
000710500500063000000200007004907005000000009060004700000542000706000003040000921
004000000003000701000000000000610003008047200900008600100800027020130060340900000
000000000265000013180000420426000070710050208000001000000000601040000050600024300
001000009206000150050900000000003402000000010002014007000400030000030206605000090
804060093060000000070000800030078100000003060009005008085030010000000000000001940
000075029040090005090002600800056010200001080000004070008000004000100000026000090
075240000002301400000000090000700906000060000000003000103950670400000002020006000
040203871000000230500010400001000700003000080260000000008100307000007650050000010
128004009000000000030070100500000903290003051000002700900000300000700405340001000
000009000000020070000080005380002700000600034600030500050007800002050009906004000
030040000000902080020800000067004020200000008008000074000007300000005040009200500
000400000040809071000071009102003004000000700060000200270090000908010000000600800
040902007807004000020000010000000130790200000003005000005000700209000003300007089
080010700430900000960000008000000000793004050046300000000705600009140000000803500
000000010003000200200000753082000000007350000001602400000000100048030027305000840
040902080000700156050000049009400060815000000000000000000008090700000010608240500
000902073000000002650000800000397000089000000000200005000100006500036017300000500
000000609000000100960023800006040000040001008200000000080000030005039040410000006
035200000008350400020000900000830029001000500090100078100700000003000890084000000
070629000300000000000700056005003420000400370000005008000000000000950230008306000
040000003006301800150080602000800000000000740000076180000000500068053007004000030
300040070051009302000230005009002060006000000000700000002010004000020500690007100
000006098703090004002400603900002300006000000031000080380100240209000000040000000
500009000000200100097004006609000000024000600700000050900605700200008000080140500
800007045053000608604080700507000390000000000060100000000409100030000060001500000
001600090070000005000901020209030610600000000000050080013000050000000308760000000
000983010000000000010000000000035072050400300008020090432000080500000009009001027
000940050000002000009750002100060240050089007000000010000000084005620700000070001
000301000000080020000205000009503000060090071002060080907000000800100300630009800
004000500060400000000000008000000106720000350031000200250104603010030400003705000
000004001001007209002090035000010000000002010005430000700600000004700050030025600
001870000600000000000090036800130650200000000300967002003000080908723005000000020
020000130000000000030008690000006010019042080004080000000064070200001000070093006
000040100074001006000000800001003005082000067000076302000508000020100500006000000
060400000000020000130009007401005003300000090500064002070002001240090706000070004
000000050004000006300800007900400000800060935007205040203700060000002000008004090
501400300008120060096000000000010002000000053089030400005800000000500000400006900
070006031000000090010000000950700008401050079000300000005081400800000007060090005
000000002000030015070085000000207800003040000000000040150420000600008000702010003
040100000073060000600002000520704000000000008000520000030040010004680023050300006
000060180200700003000003605000050000050300200060008050000800004070010000030040061
003000000000096010650040003000019350000000040074032069900054000006700000500061000
030700000700000000509000020005000008870090004903070000040300905000005030001029000
700009400400503010900104000000000601000005000000490072507000190000010700090200060
600007109000008000400290008070003600080000001000800700090000023000910000000402000
085007000000020036300100070036000080000930062200500000008000300157000009900000000
000000080240700000050400000000320100400060000000870020300080067007000008086100450
000000900950000000004000203000300401047000050003058007000030000109000080008190502
000000000100092300000645092541007030003100000702030000300070000005069007000504000
650028900400000000098000000000005290061092804000700000120000486984000100000000000
053010000000000802107000000000280700800400006035000000004006000510000023020000605
000000000009050080070000900002007000003901400500002109000008300087000040000024001
080004000900007000000530000000000000517300400032015000004008003020790804000002000
000000000000436005700000060000002603002500000900010072090100500300609000007050140
000580400000000020000070306000050080000400013280030000004006700870000060605720001
000650104009020360000100200070000000500000000340000070600530002030000000100407009
000034720000000360760009501400203000070000000000405000010040200059000000007006130
207000054000000000008000000080016005702050010001027640149002080005070000000900002
700290040000170000509034000000000089014080732900000400070000005035000207000000310
090206503420000900007000004004005000050600000261000000002970800900002600000800000
007009620000008000000000000000000508692000703000000060060870000081360902035090100
030200000000070140090600000000010700300000005720006000050042001060003507000500900
000209000000100984005040700000025000900000000800010402000002000046080001000790500
020000000900080017137004008360100402400630001000000300080060000270001090000900000
002000060908500020010000000000260040004000000670000090000000004020950670080401200
070000000015600000000250000100000470980000020600048001000000600000504000000010085
500007000043000000906000580105006300000300150700000008000060004080500731000000090
000903000400008030006070009000000000803700000070000095030100560060050008904807100
006000002704080000001700090500800040060200980079650200000040008000010000000500100
700000800000060301200000746010000004000003000000001062002930000004000000093680010
800090452000004901003000000600002000100000680090003000000040003059000000300509206
000410500090002003007950201030000709009140005704000000045000002302000000610000000
001007000300504200080000309000000504000000930500003081000000002010320490700001050
000503000002007000000040309000000000038014000190028000900105803400009020050000070
937000000500000019000000300060004500070290000204003000020000670006500100450017200
070000300000050006100000200087320004003001007500040000005060810000702000000000060
000000010950000200721090000897000001400000500062000400045200000000071000100600004
000012004020000001600000500490060003005040000000800100000090000010003600002051009
090000000050070000072090003600000720000040509000002031030000005900020000041630200
308510260000000000090000040180000000003000100000006850040030012200000904005090000
000007000970600000600123000090000038003000100000000400040230080708410690060000240
073009010100000000005000040009070021000000304520430009900000000012000600034600072
007000020901000500040000000008200003030700000405100000000030012780004030100007000
004000825000400003000005041802040000005036000100000900003100000008050000006092000
000000006600790058080000407070000600000003040830960000004030000001059300000001900
850706004900080100000009030080600300071900800004500600000000710090000400000800000
830900000090100036006000000080007100700005603920060057000000025010000300002000800
600000073000809610500307004930010080000000000000040006007000160000090000340005000
008090340000100700000006150007005000009040600000010009905030080000500000004060000
006000057903000100700000080009000000030004006400910000084050060500070000000008940
000560400040000065005000803702000008038004002000000300100002000070000030300800706
000000800800060039031080007280006000000057090010900000000290173000730000000008000
100380006306020050400000000080000904000000360000601020000000001000905043000400290
000000000705000203000001000000200408400013500029800070000002900003000004080305701
000009000004060021679300450056000000000003002127000600000000000003970000000031060
200000308508300600070600510000200009000107000900006005000000000090010073000789000
009050004000091800008400650090000008540030000080000301000705000605040000070003000
620000000000000073054000000100700000002000060380060402000620704471800600006000008
040000000608040309003000006407000090980070060000000005010096000850730940030050000
078000000900600001000004870000000046009000200001020000400200600500000098806901004
670400020000050006005800701000340800000017000000002340450003000700000000260000000
680007000005000000001592006070000900140600000008000010002009761007050820000000000
000057200004900005052603890000000000000370000003460000090200400020000639065000070
000060090050000006280040000803000000014030009029001000600002000005400023040096058
000000030090000400040000050200000090010300000000207008900840075700002013050013000
003000004500206300001000090000020000084915200000300000010030680908061000006000903
003000000025000000900600002000004300074086005000500000060900000030240087500800009
000000000074090000620000007102006003000900000040008002010000604006073000300002800
000100090500200068908000204004300000600000502002000016000500901800000000030009000
000830650000000008000050470200000800030000704000000020085270300320490000074005069
020000008000000000006000700072001800000045001080007000000508400057230000300104006
000000400173002005000000732000600070005020006800035041500000600016000023042000000
000040000009600701000850240070000904000200000000000612600002008200560007580900100
010060050003010040074380601700050000000800000369007500001000009000000400000009700
600000090000000000000650700050071000001400005948000000075008100080000004060900003
006309200050702060000004090009006017047000300005000620002000000000400000430600700
020063540078040100000000000000700080000000000010004000640010830500000716000008002
080510900007630000500008016000080020305000001000000700100000002009150070000002009
000020300000009004004063081090600010400000600001005000080042000000008296000030005
300004800000005040000900000700000309003100080490600005000000090800000460000418500
000073001073250000800000000000006008900035000030008007000000000057080902628090003
000048000001200007000050490000019006000760040080500000020000000670000900000080501
400000000009000047063000000048200500320075000700004000602398000070020000000400080
900560040420810503800030106000000000080000024003000680009000000200340000310600000
704000080035200000060000000007000020201700000080060500000380200000610030000407106
500000940007002600400100000000090714000000000000300298700000400834900100600780003
108060090030000500200900000701600029609070310002000007000738000000090000800502030
000004000000008519100730080090000045301000207000000000002000001000005304005900000
070200000900078000480000200800900360020705080000600500040800050096002400000000020
100030060008500910020006000004050090003004000000000084006105000092000008040980003
056002000302000900000000704060000002000703090000400000000050139000000040900014075
000000000070004006031900007000000090004006000010080230000042800003010020040700009
010000027005080000370140000000005000002800000009000004098700300700000009450093000
000010607300000140602070008000000800000500704007008060240000000000460025000100000
004200391000000000693800000040000000700090010020406009060087000002300406000000000
000000000060090023700040000307010400604070000500200009000000050900720031100009042
000000481000000605000070000081006000000040800000003050050030000064807030013200067
000673000043900000800000000270000080009060070406002000000300800000854200700090005
000080300006000509048005067029804000000060000007002000000630200005009700000507090
000000940007065000000000503000036008080000070002000394026050000058400020000000050
000310000600040970020000630000900000001000706000420590000030040050000219009200000
302600094016008000400030000900000640003400072008000000000060000000000003704000028
000080400000500090900030010670000300400100060300070000000304076005006004000710050
908010040071003080020000000840900000000002000095800100000300002500400000084009075
000010000000043000000000938001089004290060000000300100080050043403002000065008002
200549000010006000000010302700000009000000603000090070060073500150004200079005004
000400105000003084006000030960000000100070000753040010580030000401086000079500000
500008071000009000870000025002000700000580000000000006006902004095040100400000008
803010020006800400020903001602431000008200000000000740900040100400080000037000000
009001200640052018500600040000320000800010004000000065105048000000000002090000000
000074950509006400000500001007002004061900070000060030000015200000420100004600700
100650907900000420000030000000920000000007000009460100000010073600700010200000604
080200600097800040300400200706300000000000000400075000000602090500000000020003780
600000020410700300000501064040000600000300000502000018300004050070000201020030400
010900000307001000009042000000010734000070002006400080004020800000004006900380010
050000300040000000003000467480037620260500000000000005800009050009000708000078036
000048009801030700090007000700002190000400007014900502300750000000000000027000008
005640003007000510000000600000450000000039150000006900018000060300798000000500000
000000002000060000082000675060008100001095007000000839120009080000800003000037000
800070000000000060700306400003601050000800000008720310005000200000040100170000830
000060258000000037000200600036027000900010060015630000000001000000090872008070900
000058040697000500050003006000000005000040000016000073000300067400000010900070800
000000003005030001001602040040300000000805000200004007000700800074068010510000004
708000002009000450530209000270000000000300000000002800000004078806950030040006500
040000050060001009700003020070030004000010000394020700050600070000054000000000060
030080060607103002002000150000020001003041500000000600000600310000705204001000000
402003600680900000300000000197040000000000003208007004010060000800470010004000980
001900080000057690000300007970000000600000000000400000040030910500060800000508030
100000005000000000094300028900000030020050000873002000000040090050800100300100284
040000210095700000010000700020501460000004000000320070000060000354009000000400030
000060000059800200007000030800006070000072804020000065032007650000080009500000000
080600000700200008000100690007360900000000102001950006000000000069700830008030700
000745000400080007100200000020809500300400000005010008500000000040097000090100350
004900000080020060500400800210007005006102070070004000000000027000000000060501040
030010502060000004500076130605020000080000040100000000020081406000060001000005078
500040010000070000216000300000000070032090406400001002050000000000356000349000000
300507000200001000001032000190000000050300100000400500600050001420060007009003260
000006230000730001000190800530200068100300700000080500070600000000001002001000309
000004036000586000002039000020070003800000000600000080983060250004005700000200000
040020900080006050000000000032059070007004500000000008003602000700390000020700004
008507210030089000004030000400000050085000127012070000000000500001902040000400000
700002904008400000000030000053907080000000600204006700090800400070000092002000300
900000430000001000000050900702000540008000007094010080035007204000902000000030700
000400000000008020050020090002003100940000265500000000020000050310009046006080910
000600910000071000020004000000000230006809040000000009000907000001040600034080090
000006408000000060009000300060109080000000007400708003094607800000900070700053001